9781608197057
0312656262
1429945052
9780733623752
9781921640605
9781742373003
9781742371832
9780670073047
9781864710410
9781921640674
9781921215964
9781921656576
1847442196
1847442188
9780571228904
9780571228898
9780670074235
9780330425780
9781921656026
9781742372426
9781741668926
9781921656309
9781921518225
9780330404235
9781742611501
9781405040440
9781405040433
8842917036
0732289890
9788362478064
0606237682
9789636354138
9780732298494
9785699710829
9786054456239
3499216000
8499181732
9022558339
9788055124452
1907410759
9789896572419
0312674368
2266212710
9788850230945
9862294809
9786029346169
9781405039277
9781876462895
9781742371443
9781740669337
9781742372358
9781741669619
9781921656590
9781921844270
9781405039413
9780702238505
9781921656651
9781405039208
9780330426183
9781921656491
9781921640933
9781742741307
9781863256810
9781741669732
9781741759976
9781741757804
9780980571790
9780733626500
9780330426060
9780732290276
9780732280659
9781405039291
9781742580715
9781742031361
9781740669979
9780702237737
9780263214161
9781742372396
9781921656286
9781921361999
9780980637854
9780143204589
9781921518065
9781863256407
9781405040143
9781876462918
9781741664447
9783404159567
9780732291440
9780670074518
9780670073979
9780670074082
9781862549432
9781741664539
9780733625022
9781921529399
9780732284541
9780143011477
9781742371399
9780330425711
9780575086173
9781921656453
9781742031552
9780143206545
9781741669312
9780733624391
9781405039987
9780732290047
9781864719833
9781921640650
9781741968989
9780980740523
9781742372334
9781741758580
9781742031323
9780732290214
9780732289478
9781405039956
9781742031200
9781876462901
